{
 "cells": [
  {
   "cell_type": "code",
   "execution_count": null,
   "metadata": {
    "tags": []
   },
   "outputs": [
    {
     "name": "stdout",
     "output_type": "stream",
     "text": [
      "---/ Bienvenue dans le générateur de ville \\--- \n",
      "\n",
      "Veuillez entrer le nombre de ville que vous voulez créer ... \n",
      "1000\n"
     ]
    }
   ],
   "source": [
    "# ------ @author corentin ------ #\n",
    "\n",
    "import random\n",
    "import os\n",
    "import string \n",
    "import json\n",
    "\n",
    "#init de la liste contenant les villes\n",
    "city = {}\n",
    "\n",
    "# generation des villes une par une \n",
    "def generate_city(nb_ville_generer):\n",
    "\n",
    "    for i in range (0,nb_ville_generer):\n",
    "\n",
    "         city_name = generate_name(8)\n",
    "         city_position = generate_position(nb_ville_generer)\n",
    "         index = 'ville ' + str(i +1 ) \n",
    "\n",
    "         city[index] = {'nom_ville': city_name,  'position' : city_position}\n",
    "         \n",
    "\n",
    "    return city\n",
    "\n",
    "#generation d'un nom de ville \n",
    "def generate_name(stringLenght):\n",
    "    lettres = string.ascii_lowercase\n",
    "    name = ''.join(random.choice(lettres) for i in range(stringLenght))\n",
    "    return name \n",
    "\n",
    "#generation des position de la ville \n",
    "def generate_position(nb_ville_generer):\n",
    "    start_rand = 0\n",
    "    stop_rand = nb_ville_generer*4\n",
    "\n",
    "    x = random.randrange(start_rand, stop_rand)\n",
    "    y = random.randrange(start_rand, stop_rand)\n",
    "\n",
    "    position = [x,y]\n",
    "    \n",
    "    return position\n",
    "\n",
    "\n",
    "\n",
    "def createFile(filename, nb_ville_generer):   \n",
    "    dump = generate_city(nb_ville_generer)\n",
    "    filename_json = 'json_generate/' + filename + '.json' \n",
    "    # path_create = '/Livrable - 2/json_generate/'+ filename_json\n",
    "    # with open(path_create, 'w', encoding='utf-8') as f: \n",
    "    #     json.dump(dump, f, ensure_ascii=False)\n",
    "\n",
    "    f = open(filename_json, \"w+\")\n",
    "    json.dump(dump, f, ensure_ascii=False)\n",
    "\n",
    "    f.close()\n",
    "\n",
    "\n",
    "        \n",
    "\n",
    "\n",
    "print(\"---/ Bienvenue dans le générateur de ville \\--- \\n\")\n",
    "nb_ville_generer = int(input(\"Veuillez entrer le nombre de ville que vous voulez créer ... \\n\"))\n",
    "filename = str(input(\"Veuillez entrer le nom de fichier que vous voulez créer ... \\n\"))\n",
    "print(\"creation du fichier en cours . . . \\n\")\n",
    "createFile(filename, nb_ville_generer)\n",
    "print(\"Le fichier à bien été créé, à bientot...\")"
   ]
  },
  {
   "cell_type": "code",
   "execution_count": 6,
   "metadata": {
    "scrolled": false
   },
   "outputs": [
    {
     "name": "stdout",
     "output_type": "stream",
     "text": [
      "Veuillez mettre le nom du fichier json a importer\n",
      "test\n",
      "[[0,\n",
      "  41.23105625617661,\n",
      "  36.40054944640259,\n",
      "  8.246211251235321,\n",
      "  7.211102550927978,\n",
      "  83.48652585896721,\n",
      "  21.095023109728988,\n",
      "  25.612496949731394,\n",
      "  67.08203932499369,\n",
      "  26.1725046566048,\n",
      "  43.41658669218482,\n",
      "  50.08991914547278,\n",
      "  52.49761899362675,\n",
      "  58.52349955359813,\n",
      "  11.180339887498949,\n",
      "  30.4138126514911,\n",
      "  38.48376280978771,\n",
      "  60.40695324215582,\n",
      "  70.8590149522275,\n",
      "  21.540659228538015,\n",
      "  36.235341863986875,\n",
      "  61.98386886924694,\n",
      "  37.013511046643494,\n",
      "  87.41853350405736,\n",
      "  34.92849839314596],\n",
      " [41.23105625617661,\n",
      "  0,\n",
      "  23.769728648009426,\n",
      "  45.34313619501854,\n",
      "  48.16637831516918,\n",
      "  81.8413098624405,\n",
      "  34.36568055487916,\n",
      "  15.620499351813308,\n",
      "  36.76955262170047,\n",
      "  62.39390995922599,\n",
      "  64.93843238021688,\n",
      "  49.72926703662542,\n",
      "  20.591260281974,\n",
      "  18.027756377319946,\n",
      "  52.20153254455275,\n",
      "  48.05205510693585,\n",
      "  18.35755975068582,\n",
      "  25.709920264364882,\n",
      "  40.85339643163099,\n",
      "  51.884487084291386,\n",
      "  75.92759709091287,\n",
      "  52.478567053607705,\n",
      "  71.11961754677819,\n",
      "  86.31338250816034,\n",
      "  25.298221281347036],\n",
      " [36.40054944640259,\n",
      "  23.769728648009426,\n",
      "  0,\n",
      "  43.73785545725808,\n",
      "  43.32435804486894,\n",
      "  101.01980003939822,\n",
      "  18.439088914585774,\n",
      "  21.470910553583888,\n",
      "  60.53924347066124,\n",
      "  48.16637831516918,\n",
      "  73.824115301167,\n",
      "  66.88796603276258,\n",
      "  44.28317965096906,\n",
      "  39.11521443121589,\n",
      "  44.721359549995796,\n",
      "  57.271284253105414,\n",
      "  6.0,\n",
      "  49.33558553417604,\n",
      "  64.62197768561404,\n",
      "  55.036351623268054,\n",
      "  72.2357252334328,\n",
      "  72.91776189653656,\n",
      "  72.83543093852057,\n",
      "  105.43718509140881,\n",
      "  2.23606797749979],\n",
      " [8.246211251235321,\n",
      "  45.34313619501854,\n",
      "  43.73785545725808,\n",
      "  0,\n",
      "  6.324555320336759,\n",
      "  77.52418977325722,\n",
      "  29.274562336608895,\n",
      "  30.0,\n",
      "  67.05221845696084,\n",
      "  30.083217912982647,\n",
      "  35.510561809129406,\n",
      "  45.221676218380054,\n",
      "  53.665631459994955,\n",
      "  61.71709649683789,\n",
      "  12.36931687685298,\n",
      "  23.853720883753127,\n",
      "  45.221676218380054,\n",
      "  61.71709649683789,\n",
      "  70.60453243241541,\n",
      "  13.416407864998739,\n",
      "  30.610455730027933,\n",
      "  58.05170109479997,\n",
      "  29.154759474226502,\n",
      "  81.30190649671138,\n",
      "  42.42640687119285],\n",
      " [7.211102550927978,\n",
      "  48.16637831516918,\n",
      "  43.32435804486894,\n",
      "  6.324555320336759,\n",
      "  0,\n",
      "  83.72574275573791,\n",
      "  27.073972741361768,\n",
      "  32.55764119219941,\n",
      "  72.27724399837061,\n",
      "  23.769728648009426,\n",
      "  40.607881008493905,\n",
      "  51.54609587543949,\n",
      "  58.309518948453004,\n",
      "  65.21502894272147,\n",
      "  6.082762530298219,\n",
      "  30.01666203960727,\n",
      "  45.617978911828175,\n",
      "  66.30987860040162,\n",
      "  75.92759709091287,\n",
      "  18.439088914585774,\n",
      "  29.068883707497267,\n",
      "  64.32728814430156,\n",
      "  31.144823004794873,\n",
      "  87.46427842267951,\n",
      "  41.7612260356422],\n",
      " [83.48652585896721,\n",
      "  81.8413098624405,\n",
      "  101.01980003939822,\n",
      "  77.52418977325722,\n",
      "  83.72574275573791,\n",
      "  0,\n",
      "  98.3107318658548,\n",
      "  79.81227975693966,\n",
      "  59.07622195096772,\n",
      "  107.35455276791944,\n",
      "  48.83646178829912,\n",
      "  34.655446902326915,\n",
      "  65.80273550544841,\n",
      "  81.49233092751734,\n",
      "  89.47066558375433,\n",
      "  53.71219600798314,\n",
      "  97.63708311906906,\n",
      "  68.06614430096654,\n",
      "  58.008620049092706,\n",
      "  66.70832032063167,\n",
      "  87.29833904490967,\n",
      "  29.732137494637012,\n",
      "  70.71067811865476,\n",
      "  4.47213595499958,\n",
      "  101.40019723846694],\n",
      " [21.095023109728988,\n",
      "  34.36568055487916,\n",
      "  18.439088914585774,\n",
      "  29.274562336608895,\n",
      "  27.073972741361768,\n",
      "  98.3107318658548,\n",
      "  0,\n",
      "  22.561028345356956,\n",
      "  68.59300255857006,\n",
      "  30.0,\n",
      "  63.324560795950255,\n",
      "  63.702433234531945,\n",
      "  52.23983154643591,\n",
      "  52.172789842982326,\n",
      "  27.202941017470888,\n",
      "  48.373546489791295,\n",
      "  22.80350850198276,\n",
      "  59.00847396772772,\n",
      "  72.69112738154499,\n",
      "  42.20189569201838,\n",
      "  55.08175741568164,\n",
      "  72.94518489934754,\n",
      "  58.008620049092706,\n",
      "  102.53292154230269,\n",
      "  16.401219466856727],\n",
      " [25.612496949731394,\n",
      "  15.620499351813308,\n",
      "  21.470910553583888,\n",
      "  30.0,\n",
      "  32.55764119219941,\n",
      "  79.81227975693966,\n",
      "  22.561028345356956,\n",
      "  0,\n",
      "  46.17358552246078,\n",
      "  47.80167361086848,\n",
      "  54.00925846556311,\n",
      "  45.48626166217664,\n",
      "  30.0,\n",
      "  33.12099032335839,\n",
      "  36.61966684720111,\n",
      "  37.05401462729781,\n",
      "  19.4164878389476,\n",
      "  37.21558813185679,\n",
      "  50.24937810560445,\n",
      "  37.94733192202055,\n",
      "  60.60528029800704,\n",
      "  52.40229002629561,\n",
      "  57.0087712549569,\n",
      "  84.20213774008353,\n",
      "  21.633307652783937],\n",
      " [67.08203932499369,\n",
      "  36.76955262170047,\n",
      "  60.53924347066124,\n",
      "  67.05221845696084,\n",
      "  72.27724399837061,\n",
      "  59.07622195096772,\n",
      "  68.59300255857006,\n",
      "  46.17358552246078,\n",
      "  0,\n",
      "  92.43916918709297,\n",
      "  67.26812023536856,\n",
      "  39.96248240537617,\n",
      "  16.492422502470642,\n",
      "  26.248809496813376,\n",
      "  77.87810988975015,\n",
      "  55.0,\n",
      "  55.036351623268054,\n",
      "  12.041594578792296,\n",
      "  4.123105625617661,\n",
      "  66.24198064671678,\n",
      "  93.94147114027967,\n",
      "  31.78049716414141,\n",
      "  83.00602387778854,\n",
      "  63.198101237299845,\n",
      "  62.03224967708329],\n",
      " [26.1725046566048,\n",
      "  62.39390995922599,\n",
      "  48.16637831516918,\n",
      "  30.083217912982647,\n",
      "  23.769728648009426,\n",
      "  107.35455276791944,\n",
      "  30.0,\n",
      "  47.80167361086848,\n",
      "  92.43916918709297,\n",
      "  0,\n",
      "  62.369864518050704,\n",
      "  75.27283706623525,\n",
      "  77.10382610480494,\n",
      "  80.4114419718985,\n",
      "  17.88854381999832,\n",
      "  53.665631459994955,\n",
      "  52.80151512977634,\n",
      "  84.72307831990054,\n",
      "  96.33275663033837,\n",
      "  41.048751503547585,\n",
      "  36.138621999185304,\n",
      "  87.80091115700337,\n",
      "  47.16990566028302,\n",
      "  111.01801655587259,\n",
      "  46.010868281309364],\n",
      " [43.41658669218482,\n",
      "  64.93843238021688,\n",
      "  73.824115301167,\n",
      "  35.510561809129406,\n",
      "  40.607881008493905,\n",
      "  48.83646178829912,\n",
      "  63.324560795950255,\n",
      "  54.00925846556311,\n",
      "  67.26812023536856,\n",
      "  62.369864518050704,\n",
      "  0,\n",
      "  28.844410203711913,\n",
      "  61.29437168288782,\n",
      "  75.39230729988306,\n",
      "  45.27692569068709,\n",
      "  17.029386365926403,\n",
      "  73.17103251970687,\n",
      "  68.26419266350405,\n",
      "  69.29646455628166,\n",
      "  22.20360331117452,\n",
      "  38.47076812334269,\n",
      "  42.485291572496,\n",
      "  22.02271554554524,\n",
      "  51.66236541235796,\n",
      "  73.16419889536138],\n",
      " [50.08991914547278,\n",
      "  49.72926703662542,\n",
      "  66.88796603276258,\n",
      "  45.221676218380054,\n",
      "  51.54609587543949,\n",
      "  34.655446902326915,\n",
      "  63.702433234531945,\n",
      "  45.48626166217664,\n",
      "  39.96248240537617,\n",
      "  75.27283706623525,\n",
      "  28.844410203711913,\n",
      "  0,\n",
      "  38.3275357934736,\n",
      "  54.147945482723536,\n",
      "  57.56735185849702,\n",
      "  23.021728866442675,\n",
      "  63.953107821277925,\n",
      "  43.68065933568311,\n",
      "  41.400483088968905,\n",
      "  37.05401462729781,\n",
      "  62.80127387243033,\n",
      "  14.317821063276353,\n",
      "  48.38388161361178,\n",
      "  38.948684188300895,\n",
      "  67.11929677819934],\n",
      " [52.49761899362675,\n",
      "  20.591260281974,\n",
      "  44.28317965096906,\n",
      "  53.665631459994955,\n",
      "  58.309518948453004,\n",
      "  65.80273550544841,\n",
      "  52.23983154643591,\n",
      "  30.0,\n",
      "  16.492422502470642,\n",
      "  77.10382610480494,\n",
      "  61.29437168288782,\n",
      "  38.3275357934736,\n",
      "  0,\n",
      "  16.0312195418814,\n",
      "  63.56886030125127,\n",
      "  46.400431032480725,\n",
      "  38.948684188300895,\n",
      "  8.06225774829855,\n",
      "  20.615528128088304,\n",
      "  55.31726674375732,\n",
      "  82.41965784932621,\n",
      "  36.138621999185304,\n",
      "  73.55270219373317,\n",
      "  70.21395872616783,\n",
      "  45.69463863518345],\n",
      " [58.52349955359813,\n",
      "  18.027756377319946,\n",
      "  39.11521443121589,\n",
      "  61.71709649683789,\n",
      "  65.21502894272147,\n",
      "  81.49233092751734,\n",
      "  52.172789842982326,\n",
      "  33.12099032335839,\n",
      "  26.248809496813376,\n",
      "  80.4114419718985,\n",
      "  75.39230729988306,\n",
      "  54.147945482723536,\n",
      "  16.0312195418814,\n",
      "  0,\n",
      "  69.6419413859206,\n",
      "  59.481089431852205,\n",
      "  33.13608305156178,\n",
      "  14.422205101855956,\n",
      "  29.698484809834994,\n",
      "  66.21933252457322,\n",
      "  91.93475947648963,\n",
      "  51.97114584074513,\n",
      "  85.21150157109074,\n",
      "  85.86617494683223,\n",
      "  41.048751503547585],\n",
      " [11.180339887498949,\n",
      "  52.20153254455275,\n",
      "  44.721359549995796,\n",
      "  12.36931687685298,\n",
      "  6.082762530298219,\n",
      "  89.47066558375433,\n",
      "  27.202941017470888,\n",
      "  36.61966684720111,\n",
      "  77.87810988975015,\n",
      "  17.88854381999832,\n",
      "  45.27692569068709,\n",
      "  57.56735185849702,\n",
      "  63.56886030125127,\n",
      "  69.6419413859206,\n",
      "  0,\n",
      "  35.77708763999664,\n",
      "  47.70744176750625,\n",
      "  71.5122367151245,\n",
      "  81.58431221748455,\n",
      "  23.430749027719962,\n",
      "  27.892651361962706,\n",
      "  70.40596565632774,\n",
      "  33.24154027718932,\n",
      "  93.15041599477696,\n",
      "  42.95346318982906],\n",
      " [30.4138126514911,\n",
      "  48.05205510693585,\n",
      "  57.271284253105414,\n",
      "  23.853720883753127,\n",
      "  30.01666203960727,\n",
      "  53.71219600798314,\n",
      "  48.373546489791295,\n",
      "  37.05401462729781,\n",
      "  55.0,\n",
      "  53.665631459994955,\n",
      "  17.029386365926403,\n",
      "  23.021728866442675,\n",
      "  46.400431032480725,\n",
      "  59.481089431852205,\n",
      "  35.77708763999664,\n",
      "  0,\n",
      "  56.32051136131489,\n",
      "  53.907327887774215,\n",
      "  57.688820407423826,\n",
      "  14.035668847618199,\n",
      "  40.52159917870962,\n",
      "  37.05401462729781,\n",
      "  28.0178514522438,\n",
      "  57.4543296888929,\n",
      "  56.753854494650845],\n",
      " [38.48376280978771,\n",
      "  18.35755975068582,\n",
      "  6.0,\n",
      "  45.221676218380054,\n",
      "  45.617978911828175,\n",
      "  97.63708311906906,\n",
      "  22.80350850198276,\n",
      "  19.4164878389476,\n",
      "  55.036351623268054,\n",
      "  52.80151512977634,\n",
      "  73.17103251970687,\n",
      "  63.953107821277925,\n",
      "  38.948684188300895,\n",
      "  33.13608305156178,\n",
      "  47.70744176750625,\n",
      "  56.32051136131489,\n",
      "  0,\n",
      "  43.657759905886145,\n",
      "  59.09314681077663,\n",
      "  55.57877292636101,\n",
      "  74.68600939935136,\n",
      "  69.02897942168927,\n",
      "  73.97972695272672,\n",
      "  102.08329931972223,\n",
      "  8.06225774829855],\n",
      " [60.40695324215582,\n",
      "  25.709920264364882,\n",
      "  49.33558553417604,\n",
      "  61.71709649683789,\n",
      "  66.30987860040162,\n",
      "  68.06614430096654,\n",
      "  59.00847396772772,\n",
      "  37.21558813185679,\n",
      "  12.041594578792296,\n",
      "  84.72307831990054,\n",
      "  68.26419266350405,\n",
      "  43.68065933568311,\n",
      "  8.06225774829855,\n",
      "  14.422205101855956,\n",
      "  71.5122367151245,\n",
      "  53.907327887774215,\n",
      "  43.657759905886145,\n",
      "  0,\n",
      "  15.811388300841896,\n",
      "  63.25345840347388,\n",
      "  90.44335243676011,\n",
      "  39.05124837953327,\n",
      "  81.32035415564789,\n",
      "  72.3671196055225,\n",
      "  50.96076922496363],\n",
      " [70.8590149522275,\n",
      "  40.85339643163099,\n",
      "  64.62197768561404,\n",
      "  70.60453243241541,\n",
      "  75.92759709091287,\n",
      "  58.008620049092706,\n",
      "  72.69112738154499,\n",
      "  50.24937810560445,\n",
      "  4.123105625617661,\n",
      "  96.33275663033837,\n",
      "  69.29646455628166,\n",
      "  41.400483088968905,\n",
      "  20.615528128088304,\n",
      "  29.698484809834994,\n",
      "  81.58431221748455,\n",
      "  57.688820407423826,\n",
      "  59.09314681077663,\n",
      "  15.811388300841896,\n",
      "  0,\n",
      "  69.31810730249349,\n",
      "  97.04638066409278,\n",
      "  31.953090617340916,\n",
      "  85.70297544426332,\n",
      "  62.00806399170998,\n",
      "  66.12866246946176],\n",
      " [21.540659228538015,\n",
      "  51.884487084291386,\n",
      "  55.036351623268054,\n",
      "  13.416407864998739,\n",
      "  18.439088914585774,\n",
      "  66.70832032063167,\n",
      "  42.20189569201838,\n",
      "  37.94733192202055,\n",
      "  66.24198064671678,\n",
      "  41.048751503547585,\n",
      "  22.20360331117452,\n",
      "  37.05401462729781,\n",
      "  55.31726674375732,\n",
      "  66.21933252457322,\n",
      "  23.430749027719962,\n",
      "  14.035668847618199,\n",
      "  55.57877292636101,\n",
      "  63.25345840347388,\n",
      "  69.31810730249349,\n",
      "  0,\n",
      "  27.730849247724095,\n",
      "  51.0098029794274,\n",
      "  19.235384061671343,\n",
      "  70.21395872616783,\n",
      "  54.0],\n",
      " [36.235341863986875,\n",
      "  75.92759709091287,\n",
      "  72.2357252334328,\n",
      "  30.610455730027933,\n",
      "  29.068883707497267,\n",
      "  87.29833904490967,\n",
      "  55.08175741568164,\n",
      "  60.60528029800704,\n",
      "  93.94147114027967,\n",
      "  36.138621999185304,\n",
      "  38.47076812334269,\n",
      "  62.80127387243033,\n",
      "  82.41965784932621,\n",
      "  91.93475947648963,\n",
      "  27.892651361962706,\n",
      "  40.52159917870962,\n",
      "  74.68600939935136,\n",
      "  90.44335243676011,\n",
      "  97.04638066409278,\n",
      "  27.730849247724095,\n",
      "  0,\n",
      "  77.10382610480494,\n",
      "  16.76305461424021,\n",
      "  90.02777349240623,\n",
      "  70.57619995437555],\n",
      " [61.98386886924694,\n",
      "  52.478567053607705,\n",
      "  72.91776189653656,\n",
      "  58.05170109479997,\n",
      "  64.32728814430156,\n",
      "  29.732137494637012,\n",
      "  72.94518489934754,\n",
      "  52.40229002629561,\n",
      "  31.78049716414141,\n",
      "  87.80091115700337,\n",
      "  42.485291572496,\n",
      "  14.317821063276353,\n",
      "  36.138621999185304,\n",
      "  51.97114584074513,\n",
      "  70.40596565632774,\n",
      "  37.05401462729781,\n",
      "  69.02897942168927,\n",
      "  39.05124837953327,\n",
      "  31.953090617340916,\n",
      "  51.0098029794274,\n",
      "  77.10382610480494,\n",
      "  0,\n",
      "  62.6418390534633,\n",
      "  34.17601498127012,\n",
      "  73.55270219373317],\n",
      " [37.013511046643494,\n",
      "  71.11961754677819,\n",
      "  72.83543093852057,\n",
      "  29.154759474226502,\n",
      "  31.144823004794873,\n",
      "  70.71067811865476,\n",
      "  58.008620049092706,\n",
      "  57.0087712549569,\n",
      "  83.00602387778854,\n",
      "  47.16990566028302,\n",
      "  22.02271554554524,\n",
      "  48.38388161361178,\n",
      "  73.55270219373317,\n",
      "  85.21150157109074,\n",
      "  33.24154027718932,\n",
      "  28.0178514522438,\n",
      "  73.97972695272672,\n",
      "  81.32035415564789,\n",
      "  85.70297544426332,\n",
      "  19.235384061671343,\n",
      "  16.76305461424021,\n",
      "  62.6418390534633,\n",
      "  0,\n",
      "  73.348483283569,\n",
      "  71.56814934033156],\n",
      " [87.41853350405736,\n",
      "  86.31338250816034,\n",
      "  105.43718509140881,\n",
      "  81.30190649671138,\n",
      "  87.46427842267951,\n",
      "  4.47213595499958,\n",
      "  102.53292154230269,\n",
      "  84.20213774008353,\n",
      "  63.198101237299845,\n",
      "  111.01801655587259,\n",
      "  51.66236541235796,\n",
      "  38.948684188300895,\n",
      "  70.21395872616783,\n",
      "  85.86617494683223,\n",
      "  93.15041599477696,\n",
      "  57.4543296888929,\n",
      "  102.08329931972223,\n",
      "  72.3671196055225,\n",
      "  62.00806399170998,\n",
      "  70.21395872616783,\n",
      "  90.02777349240623,\n",
      "  34.17601498127012,\n",
      "  73.348483283569,\n",
      "  0,\n",
      "  105.80170130957252],\n",
      " [34.92849839314596,\n",
      "  25.298221281347036,\n",
      "  2.23606797749979,\n",
      "  42.42640687119285,\n",
      "  41.7612260356422,\n",
      "  101.40019723846694,\n",
      "  16.401219466856727,\n",
      "  21.633307652783937,\n",
      "  62.03224967708329,\n",
      "  46.010868281309364,\n",
      "  73.16419889536138,\n",
      "  67.11929677819934,\n",
      "  45.69463863518345,\n",
      "  41.048751503547585,\n",
      "  42.95346318982906,\n",
      "  56.753854494650845,\n",
      "  8.06225774829855,\n",
      "  50.96076922496363,\n",
      "  66.12866246946176,\n",
      "  54.0,\n",
      "  70.57619995437555,\n",
      "  73.55270219373317,\n",
      "  71.56814934033156,\n",
      "  105.80170130957252,\n",
      "  0]]\n"
     ]
    }
   ],
   "source": [
    "# @author : corentin\n",
    "\n",
    "import json\n",
    "import os\n",
    "import math\n",
    "from pprint import pprint\n",
    "\n",
    "#init des villes\n",
    "ville = None\n",
    "\n",
    "nom_fichier = input(\"Veuillez mettre le nom du fichier json a importer\\n\") + \".json\"\n",
    "\n",
    "#import du JSON de la ville\n",
    "path_fichier = os.path.join(\"json_generate\",nom_fichier)\n",
    "with open(path_fichier, \"r\") as f : \n",
    "    ville = json.load(f)\n",
    "\n",
    "\n",
    "#fonction d'implémentation de la matrice d'adjacence\n",
    "def create_matrice(ville):\n",
    "\n",
    "    matrice_adjacence = []\n",
    "\n",
    "    for ville_a in ville.items():\n",
    "        element_matrice = []\n",
    "        \n",
    "        x_a =  ville_a[1]['position'][0]\n",
    "        y_a = ville_a[1]['position'][1]\n",
    "        nom_ville_a = str(ville_a[1]['nom_ville'])\n",
    "\n",
    "        for ville_b in ville.items():\n",
    "           x_b = ville_b[1]['position'][0]\n",
    "           y_b = ville_b[1]['position'][1]\n",
    "           nom_ville_b = str(ville_b[1]['nom_ville'])\n",
    "\n",
    "           if nom_ville_a == nom_ville_b:\n",
    "               element_matrice.append(0)\n",
    "\n",
    "           else:\n",
    "               element_matrice.append(math.sqrt(math.pow(x_b - x_a, 2) + math.pow(y_b - y_a, 2)))\n",
    "\n",
    "        matrice_adjacence.append(element_matrice)\n",
    "    return matrice_adjacence\n",
    "\n",
    "\n",
    "pprint(create_matrice(ville))\n"
   ]
  },
  {
   "cell_type": "code",
   "execution_count": null,
   "metadata": {},
   "outputs": [],
   "source": []
  }
 ],
 "metadata": {
  "kernelspec": {
   "display_name": "Python 3",
   "language": "python",
   "name": "python3"
  },
  "language_info": {
   "codemirror_mode": {
    "name": "ipython",
    "version": 3
   },
   "file_extension": ".py",
   "mimetype": "text/x-python",
   "name": "python",
   "nbconvert_exporter": "python",
   "pygments_lexer": "ipython3",
   "version": "3.8.3"
  }
 },
 "nbformat": 4,
 "nbformat_minor": 4
}
